16 23


1 正门
新疆大学红湖校区的正大门。

2 行政楼
新疆大学的行政办公地点。

3 1号教学楼
红湖校区最大的一个教学楼。

4 交流中心
进行学术交流。

5 图书馆
供学生阅读和借还图书，以及自习。

6 11号教学楼
为学生提供教学和自习室。

7 10号教学楼
为学生提供教学和自习室。

8 三二一餐厅
三进两联一交友餐厅。

9 逸夫楼
由邵逸夫捐赠的教学楼。

10 小操场
可以进行排球和五人制足球。

11 体育馆
新疆大学的一个地标性建筑，可以举办很多室内体育比赛。

12 大操场
可以进行正规跑步比赛和11人制足球。

13 汉餐第一食堂
红湖校区最大的一个食堂。

14 科技楼
提供科研教室。

15 红湖
一个有先辈开垦建造的人工湖。

16 新园市场
学生的主要消费娱乐的综合市场。

1 2 500

1 4 280

2 3 350

3 4 300

3 5 150

3 6 300

4 5 400

4 12 800

4 6 200

5 6 500

5 7 520

6 7 200

7 8 400

7 9 300

7 13 200

8 11 400

8 12 180 

9 10 400

10 11 250

11 12 600

13 14 200

14 15 100

15 16 600